"date","reddit_negative_sentiment","reddit_positive_sentiment","reddit_overall_sentiment"
2018-01-01,0,0,0
2018-01-02,0,0,0
2018-01-03,0,1,1
2018-01-04,0,0,0
2018-01-05,0,1,1
2018-01-06,1,1,0
2018-01-07,294,213,-81
2018-01-08,126,87,-39
2018-01-09,0,0,0
2018-01-10,86,49,-37
2018-01-11,264,139,-125
2018-01-12,2,1,-1
2018-01-13,0,0,0
2018-01-14,0,0,0
2018-01-15,0,0,0
2018-01-16,571,263,-308
2018-01-17,1204,655,-549
2018-01-18,540,280,-260
2018-01-19,460,375,-85
2018-01-20,104,102,-2
2018-01-21,2,1,-1
2018-01-22,186,102,-84
2018-01-23,339,195,-144
2018-01-24,224,126,-98
2018-01-25,299,199,-100
2018-01-26,297,195,-102
2018-01-27,145,59,-86
2018-01-28,0,0,0
2018-01-29,0,3,3
2018-01-30,0,0,0
2018-01-31,363,201,-162
2018-02-01,400,253,-147
2018-02-02,580,332,-248
2018-02-03,193,133,-60
2018-02-04,42,31,-11
2018-02-05,977,651,-326
2018-02-06,653,363,-290
2018-02-07,263,117,-146
2018-02-08,470,277,-193
2018-02-09,258,154,-104
2018-02-10,366,203,-163
2018-02-11,0,0,0
2018-02-12,0,0,0
2018-02-13,0,0,0
2018-02-14,0,0,0
2018-02-15,0,0,0
2018-02-16,0,0,0
2018-02-17,0,0,0
2018-02-18,0,1,1
2018-02-19,0,0,0
2018-02-20,0,0,0
2018-02-21,0,0,0
2018-02-22,121,82,-39
2018-02-23,228,174,-54
2018-02-24,0,0,0
2018-02-25,0,0,0
2018-02-26,0,0,0
2018-02-27,0,0,0
2018-02-28,0,0,0
2018-03-01,0,0,0
2018-03-02,0,0,0
2018-03-03,0,0,0
2018-03-04,0,0,0
2018-03-05,0,0,0
2018-03-06,120,59,-61
2018-03-07,352,246,-106
2018-03-08,258,155,-103
2018-03-09,471,242,-229
2018-03-10,213,141,-72
2018-03-11,538,313,-225
2018-03-12,263,145,-118
2018-03-13,229,118,-111
2018-03-14,4,0,-4
2018-03-15,312,176,-136
2018-03-16,262,150,-112
2018-03-17,2,2,0
2018-03-18,641,350,-291
2018-03-19,171,103,-68
2018-03-20,0,0,0
2018-03-21,0,0,0
2018-03-22,0,0,0
2018-03-23,0,0,0
2018-03-24,0,0,0
2018-03-25,0,0,0
2018-03-26,106,75,-31
2018-03-27,408,200,-208
2018-03-28,251,159,-92
2018-03-29,1,2,1
2018-03-30,545,309,-236
2018-03-31,185,109,-76
2018-04-01,0,0,0
2018-04-02,0,0,0
2018-04-03,0,0,0
2018-04-04,0,0,0
2018-04-05,0,0,0
2018-04-06,0,0,0
2018-04-07,0,0,0
2018-04-08,0,0,0
2018-04-09,0,0,0
2018-04-10,0,0,0
2018-04-11,1,2,1
2018-04-12,0,0,0
2018-04-13,0,0,0
2018-04-14,0,0,0
2018-04-15,0,0,0
2018-04-16,0,0,0
2018-04-17,0,0,0
2018-04-18,0,0,0
2018-04-19,0,0,0
2018-04-20,0,0,0
2018-04-21,0,0,0
2018-04-22,0,0,0
2018-04-23,0,0,0
2018-04-24,0,0,0
2018-04-25,204,106,-98
2018-04-26,204,141,-63
2018-04-27,0,0,0
2018-04-28,1,0,-1
2018-04-29,0,0,0
2018-04-30,0,0,0
2018-05-01,0,0,0
2018-05-02,0,0,0
2018-05-03,0,0,0
2018-05-04,0,0,0
2018-05-05,0,0,0
2018-05-06,0,0,0
2018-05-07,0,0,0
2018-05-08,0,0,0
2018-05-09,0,0,0
2018-05-10,0,0,0
2018-05-11,348,199,-149
2018-05-12,126,81,-45
2018-05-13,2,2,0
2018-05-14,0,0,0
2018-05-15,0,0,0
2018-05-16,0,0,0
2018-05-17,415,365,-50
2018-05-18,11,5,-6
2018-05-19,1,0,-1
2018-05-20,10,7,-3
2018-05-21,455,294,-161
2018-05-22,0,0,0
2018-05-23,279,168,-111
2018-05-24,221,125,-96
2018-05-25,0,0,0
2018-05-26,0,0,0
2018-05-27,0,0,0
2018-05-28,485,356,-129
2018-05-29,28,31,3
2018-05-30,68,53,-15
2018-05-31,28,18,-10
2018-06-01,9,8,-1
2018-06-02,12,10,-2
2018-06-03,11,6,-5
2018-06-04,10,17,7
2018-06-05,8,9,1
2018-06-06,18,12,-6
2018-06-07,11,9,-2
2018-06-08,6,5,-1
2018-06-09,288,23,-265
2018-06-10,3,4,1
2018-06-11,0,1,1
2018-06-12,21,110,89
2018-06-13,3,13,10
2018-06-14,3,4,1
2018-06-15,6,3,-3
2018-06-16,9,11,2
2018-06-17,4,2,-2
2018-06-18,6,6,0
2018-06-19,2,9,7
2018-06-20,1,7,6
2018-06-21,1,10,9
2018-06-22,0,0,0
2018-06-23,0,0,0
2018-06-24,2,8,6
2018-06-25,0,0,0
2018-06-26,0,0,0
2018-06-27,0,0,0
2018-06-28,0,0,0
2018-06-29,60,34,-26
2018-06-30,228,141,-87
2018-07-01,0,0,0
2018-07-02,347,227,-120
2018-07-03,68,43,-25
2018-07-04,0,0,0
2018-07-05,0,2,2
2018-07-06,0,0,0
2018-07-07,0,0,0
2018-07-08,0,0,0
2018-07-09,0,1,1
2018-07-10,0,0,0
2018-07-11,0,0,0
2018-07-12,0,0,0
2018-07-13,0,0,0
2018-07-14,631,306,-325
2018-07-15,83,69,-14
2018-07-16,1,1,0
2018-07-17,5,4,-1
2018-07-18,4,5,1
2018-07-19,0,0,0
2018-07-20,2,1,-1
2018-07-21,0,0,0
2018-07-22,0,0,0
2018-07-23,0,0,0
2018-07-24,137,82,-55
2018-07-25,214,148,-66
2018-07-26,3,1,-2
2018-07-27,2,1,-1
2018-07-28,0,0,0
2018-07-29,0,3,3
2018-07-30,8,5,-3
2018-07-31,0,0,0
2018-08-01,18,4,-14
2018-08-02,4,1,-3
2018-08-03,0,0,0
2018-08-04,0,0,0
2018-08-05,0,0,0
2018-08-06,0,0,0
2018-08-07,0,0,0
2018-08-08,0,0,0
2018-08-09,0,0,0
2018-08-10,0,0,0
2018-08-11,0,0,0
2018-08-12,0,0,0
2018-08-13,0,0,0
2018-08-14,0,0,0
2018-08-15,0,0,0
2018-08-16,0,0,0
2018-08-17,18,95,77
2018-08-18,18,112,94
2018-08-19,0,0,0
2018-08-20,1,3,2
2018-08-21,0,0,0
2018-08-22,16,11,-5
2018-08-23,0,0,0
2018-08-24,0,0,0
2018-08-25,0,0,0
2018-08-26,0,0,0
2018-08-27,0,0,0
2018-08-28,0,0,0
2018-08-29,0,0,0
2018-08-30,0,0,0
2018-08-31,0,0,0
2018-09-01,0,0,0
2018-09-02,0,0,0
2018-09-03,0,0,0
2018-09-04,0,0,0
2018-09-05,0,0,0
2018-09-06,484,229,-255
2018-09-07,0,0,0
2018-09-08,0,0,0
2018-09-09,0,0,0
2018-09-10,0,0,0
2018-09-11,0,0,0
2018-09-12,0,0,0
2018-09-13,0,0,0
2018-09-14,0,0,0
2018-09-15,0,0,0
2018-09-16,0,0,0
2018-09-17,0,0,0
2018-09-18,0,0,0
2018-09-19,0,0,0
2018-09-20,0,0,0
2018-09-21,24,166,142
2018-09-22,16,79,63
2018-09-23,0,0,0
2018-09-24,0,0,0
2018-09-25,0,0,0
2018-09-26,0,0,0
2018-09-27,0,0,0
2018-09-28,0,0,0
2018-09-29,0,0,0
2018-09-30,0,0,0
2018-10-01,0,0,0
2018-10-02,0,0,0
2018-10-03,0,0,0
2018-10-04,0,0,0
2018-10-05,0,0,0
2018-10-06,0,0,0
2018-10-07,0,0,0
2018-10-08,0,0,0
2018-10-09,0,0,0
2018-10-10,0,0,0
2018-10-11,0,0,0
2018-10-12,0,0,0
2018-10-13,0,0,0
2018-10-14,0,0,0
2018-10-15,321,186,-135
2018-10-16,53,21,-32
2018-10-17,0,0,0
2018-10-18,0,0,0
2018-10-19,26,156,130
2018-10-20,48,171,123
2018-10-21,0,0,0
2018-10-22,0,0,0
2018-10-23,0,0,0
2018-10-24,0,0,0
2018-10-25,0,0,0
2018-10-26,0,0,0
2018-10-27,0,0,0
2018-10-28,0,0,0
2018-10-29,0,0,0
2018-10-30,0,0,0
2018-10-31,417,214,-203
2018-11-01,170,93,-77
2018-11-02,0,0,0
2018-11-03,0,0,0
2018-11-04,1,0,-1
2018-11-05,0,0,0
2018-11-06,369,324,-45
2018-11-07,2,6,4
2018-11-08,0,0,0
2018-11-09,0,0,0
2018-11-10,0,0,0
2018-11-11,0,0,0
2018-11-12,1,0,-1
2018-11-13,0,0,0
2018-11-14,2,4,2
2018-11-15,1,3,2
2018-11-16,6,68,62
2018-11-17,120,176,56
2018-11-18,0,0,0
2018-11-19,102,48,-54
2018-11-20,395,205,-190
2018-11-21,269,151,-118
2018-11-22,0,0,0
2018-11-23,0,0,0
2018-11-24,0,0,0
2018-11-25,465,213,-252
2018-11-26,0,0,0
2018-11-27,0,0,0
2018-11-28,1,3,2
2018-11-29,0,0,0
2018-11-30,0,2,2
2018-12-01,0,0,0
2018-12-02,0,0,0
2018-12-03,0,0,0
2018-12-04,0,0,0
2018-12-05,0,0,0
2018-12-06,0,0,0
2018-12-07,4,0,-4
2018-12-08,0,0,0
2018-12-09,0,0,0
2018-12-10,0,0,0
2018-12-11,0,0,0
2018-12-12,0,0,0
2018-12-13,0,0,0
2018-12-14,0,0,0
2018-12-15,0,0,0
2018-12-16,0,0,0
2018-12-17,340,189,-151
2018-12-18,205,168,-37
2018-12-19,0,0,0
2018-12-20,1,1,0
2018-12-21,197,263,66
2018-12-22,37,124,87
2018-12-23,0,0,0
2018-12-24,0,0,0
2018-12-25,174,81,-93
2018-12-26,0,1,1
2018-12-27,0,0,0
2018-12-28,0,0,0
2018-12-29,0,0,0
2018-12-30,0,0,0
2018-12-31,0,0,0
2019-01-01,0,0,0
2019-01-02,0,0,0
2019-01-03,0,0,0
2019-01-04,0,0,0
2019-01-05,0,0,0
2019-01-06,2,1,-1
2019-01-07,0,0,0
2019-01-08,0,0,0
2019-01-09,0,0,0
2019-01-10,0,0,0
2019-01-11,0,0,0
2019-01-12,0,0,0
2019-01-13,0,0,0
2019-01-14,0,0,0
2019-01-15,0,0,0
2019-01-16,0,0,0
2019-01-17,0,0,0
2019-01-18,41,231,190
2019-01-19,7,33,26
2019-01-20,0,0,0
2019-01-21,0,0,0
2019-01-22,0,0,0
2019-01-23,0,0,0
2019-01-24,0,0,0
2019-01-25,0,0,0
2019-01-26,0,0,0
2019-01-27,0,0,0
2019-01-28,0,0,0
2019-01-29,0,0,0
2019-01-30,0,0,0
2019-01-31,0,0,0
2019-02-01,0,0,0
2019-02-02,0,0,0
2019-02-03,0,0,0
2019-02-04,409,131,-278
2019-02-05,105,46,-59
2019-02-06,0,0,0
2019-02-07,0,0,0
2019-02-08,0,0,0
2019-02-09,0,0,0
2019-02-10,0,0,0
2019-02-11,0,0,0
2019-02-12,0,0,0
2019-02-13,0,0,0
2019-02-14,0,0,0
2019-02-15,13,144,131
2019-02-16,14,159,145
2019-02-17,0,0,0
2019-02-18,197,305,108
2019-02-19,24,23,-1
2019-02-20,0,0,0
2019-02-21,0,0,0
2019-02-22,0,1,1
2019-02-23,0,0,0
2019-02-24,0,2,2
2019-02-25,0,0,0
2019-02-26,0,0,0
2019-02-27,0,0,0
2019-02-28,0,0,0
2019-03-01,0,0,0
2019-03-02,0,0,0
2019-03-03,0,1,1
2019-03-04,0,0,0
2019-03-05,0,0,0
2019-03-06,0,0,0
2019-03-07,0,0,0
2019-03-08,0,0,0
2019-03-09,0,0,0
2019-03-10,0,0,0
2019-03-11,0,0,0
2019-03-12,0,0,0
2019-03-13,0,0,0
2019-03-14,0,0,0
2019-03-15,20,174,154
2019-03-16,30,112,82
2019-03-17,0,0,0
2019-03-18,0,0,0
2019-03-19,0,0,0
2019-03-20,0,0,0
2019-03-21,0,0,0
2019-03-22,0,0,0
2019-03-23,0,0,0
2019-03-24,0,0,0
2019-03-25,0,0,0
2019-03-26,0,0,0
2019-03-27,0,0,0
2019-03-28,0,0,0
2019-03-29,0,0,0
2019-03-30,0,0,0
2019-03-31,0,0,0
2019-04-01,0,0,0
2019-04-02,0,0,0
2019-04-03,0,0,0
2019-04-04,0,0,0
2019-04-05,0,0,0
2019-04-06,0,0,0
2019-04-07,0,0,0
2019-04-08,0,0,0
2019-04-09,0,0,0
2019-04-10,0,0,0
2019-04-11,0,0,0
2019-04-12,0,0,0
2019-04-13,0,0,0
2019-04-14,0,0,0
2019-04-15,0,0,0
2019-04-16,0,0,0
2019-04-17,0,0,0
2019-04-18,0,0,0
2019-04-19,13,142,129
2019-04-20,17,133,116
2019-04-21,0,2,2
2019-04-22,0,0,0
2019-04-23,0,0,0
2019-04-24,0,0,0
2019-04-25,0,0,0
2019-04-26,0,0,0
2019-04-27,0,0,0
2019-04-28,0,0,0
2019-04-29,0,0,0
2019-04-30,0,0,0
2019-05-01,0,0,0
2019-05-02,0,0,0
2019-05-03,0,0,0
2019-05-04,0,0,0
2019-05-05,0,0,0
2019-05-06,0,0,0
2019-05-07,0,0,0
2019-05-08,0,0,0
2019-05-09,0,0,0
2019-05-10,0,0,0
2019-05-11,2,0,-2
2019-05-12,299,195,-104
2019-05-13,80,65,-15
2019-05-14,291,167,-124
2019-05-15,0,0,0
2019-05-16,0,0,0
2019-05-17,22,205,183
2019-05-18,90,68,-22
2019-05-19,213,134,-79
2019-05-20,1,0,-1
2019-05-21,0,0,0
2019-05-22,1,0,-1
2019-05-23,0,0,0
2019-05-24,0,0,0
2019-05-25,0,0,0
2019-05-26,343,168,-175
2019-05-27,611,278,-333
2019-05-28,8,4,-4
2019-05-29,0,0,0
2019-05-30,0,0,0
2019-05-31,0,0,0
2019-06-01,0,0,0
2019-06-02,0,1,1
2019-06-03,0,0,0
2019-06-04,0,0,0
2019-06-05,0,0,0
2019-06-06,0,0,0
2019-06-07,0,0,0
2019-06-08,0,0,0
2019-06-09,0,0,0
2019-06-10,0,0,0
2019-06-11,0,0,0
2019-06-12,0,0,0
2019-06-13,0,0,0
2019-06-14,0,0,0
2019-06-15,0,0,0
2019-06-16,0,0,0
2019-06-17,0,0,0
2019-06-18,0,0,0
2019-06-19,0,0,0
2019-06-20,0,0,0
2019-06-21,0,0,0
2019-06-22,251,174,-77
2019-06-23,0,0,0
2019-06-24,1,0,-1
2019-06-25,0,0,0
2019-06-26,94,59,-35
2019-06-27,206,129,-77
2019-06-28,0,0,0
2019-06-29,0,0,0
2019-06-30,0,0,0
2019-07-01,0,0,0
2019-07-02,2,0,-2
2019-07-03,272,260,-12
2019-07-04,184,161,-23
2019-07-05,3,2,-1
2019-07-06,4,3,-1
2019-07-07,0,0,0
2019-07-08,17,57,40
2019-07-09,9,44,35
2019-07-10,0,0,0
2019-07-11,0,0,0
2019-07-12,0,0,0
2019-07-13,0,0,0
2019-07-14,0,0,0
2019-07-15,0,0,0
2019-07-16,0,1,1
2019-07-17,0,0,0
2019-07-18,0,1,1
2019-07-19,0,0,0
2019-07-20,0,0,0
2019-07-21,0,0,0
2019-07-22,0,0,0
2019-07-23,0,0,0
2019-07-24,0,0,0
2019-07-25,0,0,0
2019-07-26,0,0,0
2019-07-27,0,0,0
2019-07-28,0,0,0
2019-07-29,0,0,0
2019-07-30,0,0,0
2019-07-31,323,199,-124
2019-08-01,3,3,0
2019-08-02,0,0,0
2019-08-03,0,0,0
2019-08-04,0,0,0
2019-08-05,0,0,0
2019-08-06,0,0,0
2019-08-07,0,0,0
2019-08-08,0,0,0
2019-08-09,0,0,0
2019-08-10,0,0,0
2019-08-11,0,0,0
2019-08-12,0,0,0
2019-08-13,0,0,0
2019-08-14,0,0,0
2019-08-15,0,0,0
2019-08-16,32,279,247
2019-08-17,7,24,17
2019-08-18,0,0,0
2019-08-19,0,0,0
2019-08-20,0,0,0
2019-08-21,0,0,0
2019-08-22,0,0,0
2019-08-23,0,0,0
2019-08-24,0,0,0
2019-08-25,0,0,0
2019-08-26,0,0,0
2019-08-27,0,0,0
2019-08-28,0,0,0
2019-08-29,7,4,-3
2019-08-30,0,0,0
2019-08-31,0,0,0
2019-09-01,0,0,0
2019-09-02,0,0,0
2019-09-03,0,0,0
2019-09-04,0,0,0
2019-09-05,0,0,0
2019-09-06,0,0,0
2019-09-07,0,0,0
2019-09-08,0,0,0
2019-09-09,41,39,-2
2019-09-10,190,117,-73
2019-09-11,23,7,-16
2019-09-12,0,0,0
2019-09-13,0,0,0
2019-09-14,0,0,0
2019-09-15,0,0,0
2019-09-16,0,0,0
2019-09-17,0,0,0
2019-09-18,0,0,0
2019-09-19,0,0,0
2019-09-20,0,0,0
2019-09-21,0,0,0
2019-09-22,0,0,0
2019-09-23,0,0,0
2019-09-24,0,0,0
2019-09-25,0,0,0
2019-09-26,0,0,0
2019-09-27,0,0,0
2019-09-28,0,0,0
2019-09-29,0,0,0
2019-09-30,0,0,0
2019-10-01,0,0,0
2019-10-02,0,0,0
2019-10-03,0,0,0
2019-10-04,0,0,0
2019-10-05,0,0,0
2019-10-06,0,0,0
2019-10-07,0,0,0
2019-10-08,0,0,0
2019-10-09,0,0,0
2019-10-10,0,0,0
2019-10-11,0,0,0
2019-10-12,0,0,0
2019-10-13,0,0,0
2019-10-14,0,0,0
2019-10-15,0,0,0
2019-10-16,0,0,0
2019-10-17,495,240,-255
2019-10-18,1,0,-1
2019-10-19,0,0,0
2019-10-20,0,0,0
2019-10-21,0,0,0
2019-10-22,0,0,0
2019-10-23,0,0,0
2019-10-24,0,0,0
2019-10-25,0,0,0
2019-10-26,0,0,0
2019-10-27,0,0,0
2019-10-28,0,0,0
2019-10-29,0,0,0
2019-10-30,0,0,0
2019-10-31,0,0,0
2019-11-01,0,0,0
2019-11-02,0,0,0
2019-11-03,0,0,0
2019-11-04,0,0,0
2019-11-05,0,0,0
2019-11-06,0,0,0
2019-11-07,0,0,0
2019-11-08,0,0,0
2019-11-09,3490,1491,-1999
2019-11-10,4388,1833,-2555
2019-11-11,0,0,0
2019-11-12,0,0,0
2019-11-13,0,0,0
2019-11-14,0,0,0
2019-11-15,0,0,0
2019-11-16,0,0,0
2019-11-17,0,0,0
2019-11-18,0,0,0
2019-11-19,0,0,0
2019-11-20,0,0,0
2019-11-21,0,0,0
2019-11-22,0,0,0
2019-11-23,0,0,0
2019-11-24,0,0,0
2019-11-25,0,0,0
2019-11-26,0,0,0
2019-11-27,0,0,0
2019-11-28,0,0,0
2019-11-29,0,0,0
2019-11-30,0,0,0
2019-12-01,0,0,0
2019-12-02,0,0,0
2019-12-03,0,0,0
2019-12-04,0,0,0
2019-12-05,0,0,0
2019-12-06,0,0,0
2019-12-07,0,0,0
2019-12-08,0,0,0
2019-12-09,0,0,0
2019-12-10,0,0,0
2019-12-11,0,0,0
2019-12-12,0,0,0
2019-12-13,0,0,0
2019-12-14,0,0,0
2019-12-15,0,0,0
2019-12-16,0,0,0
2019-12-17,0,0,0
2019-12-18,0,0,0
2019-12-19,0,0,0
2019-12-20,0,0,0
2019-12-21,0,0,0
2019-12-22,0,0,0
2019-12-23,0,0,0
2019-12-24,0,0,0
2019-12-25,0,0,0
2019-12-26,0,0,0
2019-12-27,0,0,0
2019-12-28,0,0,0
2019-12-29,0,0,0
2019-12-30,0,0,0
2019-12-31,0,0,0
2020-01-01,0,0,0
2020-01-02,0,0,0
2020-01-03,0,0,0
2020-01-04,0,0,0
2020-01-05,0,0,0
2020-01-06,0,0,0
2020-01-07,0,0,0
2020-01-08,0,0,0
2020-01-09,0,0,0
2020-01-10,0,0,0
2020-01-11,0,0,0
2020-01-12,0,0,0
2020-01-13,0,0,0
2020-01-14,0,0,0
2020-01-15,0,0,0
2020-01-16,0,0,0
2020-01-17,0,0,0
2020-01-18,0,0,0
2020-01-19,0,0,0
2020-01-20,0,0,0
2020-01-21,0,0,0
2020-01-22,0,0,0
2020-01-23,0,0,0
2020-01-24,0,0,0
2020-01-25,0,0,0
2020-01-26,0,0,0
2020-01-27,0,0,0
2020-01-28,0,0,0
2020-01-29,0,0,0
2020-01-30,0,0,0
2020-01-31,0,0,0
2020-02-01,0,0,0
2020-02-02,0,0,0
2020-02-03,0,0,0
2020-02-04,0,0,0
2020-02-05,0,0,0
2020-02-06,0,0,0
2020-02-07,0,0,0
2020-02-08,0,0,0
2020-02-09,0,0,0
2020-02-10,0,0,0
2020-02-11,0,0,0
2020-02-12,0,0,0
2020-02-13,0,0,0
2020-02-14,0,0,0
2020-02-15,0,0,0
2020-02-16,0,0,0
2020-02-17,0,0,0
2020-02-18,0,0,0
2020-02-19,0,0,0
2020-02-20,0,0,0
2020-02-21,0,0,0
2020-02-22,0,0,0
2020-02-23,0,0,0
2020-02-24,0,0,0
2020-02-25,0,0,0
2020-02-26,0,0,0
2020-02-27,0,0,0
2020-02-28,0,0,0
2020-02-29,0,0,0
2020-03-01,0,0,0
2020-03-02,0,0,0
2020-03-03,0,0,0
2020-03-04,0,0,0
2020-03-05,0,0,0
2020-03-06,274,143,-131
2020-03-07,301,138,-163
2020-03-08,7,3,-4
2020-03-09,1,1,0
2020-03-10,0,0,0
2020-03-11,0,0,0
2020-03-12,16,11,-5
2020-03-13,619,279,-340
2020-03-14,0,0,0
2020-03-15,0,0,0
2020-03-16,0,0,0
2020-03-17,0,0,0
2020-03-18,0,0,0
2020-03-19,0,0,0
2020-03-20,22,69,47
2020-03-21,130,272,142
2020-03-22,0,0,0
2020-03-23,0,0,0
2020-03-24,0,0,0
2020-03-25,0,0,0
2020-03-26,0,0,0
2020-03-27,0,0,0
2020-03-28,0,0,0
2020-03-29,0,0,0
2020-03-30,0,0,0
2020-03-31,0,0,0
2020-04-01,0,0,0
2020-04-02,0,0,0
2020-04-03,0,0,0
2020-04-04,0,0,0
2020-04-05,0,0,0
2020-04-06,1,6,5
2020-04-07,0,0,0
2020-04-08,0,10,10
2020-04-09,0,0,0
2020-04-10,0,0,0
2020-04-11,18,5,-13
2020-04-12,364,149,-215
2020-04-13,2,5,3
2020-04-14,0,1,1
2020-04-15,0,0,0
2020-04-16,3,0,-3
2020-04-17,0,0,0
2020-04-18,0,0,0
2020-04-19,0,0,0
2020-04-20,0,0,0
2020-04-21,0,0,0
2020-04-22,0,0,0
2020-04-23,0,0,0
2020-04-24,0,0,0
2020-04-25,0,0,0
2020-04-26,0,0,0
2020-04-27,0,0,0
2020-04-28,0,0,0
2020-04-29,0,0,0
2020-04-30,0,0,0
2020-05-01,0,0,0
2020-05-02,0,0,0
2020-05-03,0,0,0
2020-05-04,0,0,0
2020-05-05,0,0,0
2020-05-06,0,0,0
2020-05-07,191,569,378
2020-05-08,0,5,5
2020-05-09,0,4,4
2020-05-10,0,0,0
2020-05-11,74,140,66
2020-05-12,43,66,23
2020-05-13,1,2,1
2020-05-14,0,0,0
2020-05-15,8,99,91
2020-05-16,56,106,50
2020-05-17,0,0,0
2020-05-18,0,0,0
2020-05-19,0,0,0
2020-05-20,0,0,0
2020-05-21,0,0,0
2020-05-22,0,0,0
2020-05-23,0,0,0
2020-05-24,0,0,0
2020-05-25,0,0,0
2020-05-26,0,0,0
2020-05-27,362,225,-137
2020-05-28,3,1,-2
2020-05-29,0,0,0
2020-05-30,0,0,0
2020-05-31,0,0,0
2020-06-01,0,0,0
2020-06-02,0,0,0
2020-06-03,0,0,0
2020-06-04,0,0,0
2020-06-05,0,0,0
2020-06-06,0,0,0
2020-06-07,0,0,0
2020-06-08,0,0,0
2020-06-09,0,0,0
2020-06-10,0,0,0
2020-06-11,0,0,0
2020-06-12,0,0,0
2020-06-13,0,0,0
2020-06-14,0,0,0
2020-06-15,0,0,0
2020-06-16,0,0,0
2020-06-17,0,0,0
2020-06-18,0,0,0
2020-06-19,0,0,0
2020-06-20,0,0,0
2020-06-21,5,1,-4
2020-06-22,0,0,0
2020-06-23,4,1,-3
2020-06-24,0,0,0
2020-06-25,0,0,0
2020-06-26,0,0,0
2020-06-27,0,0,0
2020-06-28,0,0,0
2020-06-29,0,0,0
2020-06-30,0,0,0
2020-07-01,867,560,-307
2020-07-02,227,123,-104
2020-07-03,12,7,-5
2020-07-04,0,0,0
2020-07-05,0,0,0
2020-07-06,0,0,0
2020-07-07,0,0,0
2020-07-08,0,0,0
2020-07-09,0,0,0
2020-07-10,0,0,0
2020-07-11,0,0,0
2020-07-12,0,0,0
2020-07-13,0,0,0
2020-07-14,0,0,0
2020-07-15,0,0,0
2020-07-16,8,5,-3
2020-07-17,0,0,0
2020-07-18,0,0,0
2020-07-19,0,0,0
2020-07-20,0,0,0
2020-07-21,0,0,0
2020-07-22,0,0,0
2020-07-23,0,0,0
2020-07-24,0,0,0
2020-07-25,0,0,0
2020-07-26,0,0,0
2020-07-27,0,0,0
2020-07-28,0,0,0
2020-07-29,0,0,0
2020-07-30,0,0,0
2020-07-31,0,0,0
2020-08-01,0,0,0
2020-08-02,0,0,0
2020-08-03,0,0,0
2020-08-04,0,0,0
2020-08-05,115,140,25
2020-08-06,126,70,-56
2020-08-07,25,24,-1
2020-08-08,13,6,-7
2020-08-09,0,0,0
2020-08-10,0,0,0
2020-08-11,0,0,0
2020-08-12,0,0,0
2020-08-13,0,0,0
2020-08-14,0,0,0
2020-08-15,0,0,0
2020-08-16,0,0,0
2020-08-17,0,0,0
2020-08-18,0,0,0
2020-08-19,0,0,0
2020-08-20,0,0,0
2020-08-21,0,0,0
2020-08-22,0,0,0
2020-08-23,2,0,-2
2020-08-24,0,0,0
2020-08-25,0,0,0
2020-08-26,0,0,0
2020-08-27,0,0,0
2020-08-28,0,0,0
2020-08-29,0,0,0
2020-08-30,0,0,0
2020-08-31,0,0,0
2020-09-01,0,0,0
2020-09-02,0,0,0
2020-09-03,0,0,0
2020-09-04,0,0,0
2020-09-05,0,0,0
2020-09-06,0,0,0
2020-09-07,0,0,0
2020-09-08,0,0,0
2020-09-09,0,0,0
2020-09-10,0,0,0
2020-09-11,0,0,0
2020-09-12,0,0,0
2020-09-13,0,0,0
2020-09-14,0,0,0
2020-09-15,0,0,0
2020-09-16,0,0,0
2020-09-17,0,0,0
2020-09-18,0,0,0
2020-09-19,0,0,0
2020-09-20,0,0,0
2020-09-21,0,0,0
2020-09-22,0,0,0
2020-09-23,0,0,0
2020-09-24,0,0,0
2020-09-25,0,0,0
2020-09-26,0,0,0
2020-09-27,0,0,0
2020-09-28,0,0,0
2020-09-29,0,0,0
2020-09-30,0,0,0
2020-10-01,0,0,0
2020-10-02,0,0,0
2020-10-03,0,0,0
2020-10-04,0,0,0
2020-10-05,0,0,0
2020-10-06,0,0,0
2020-10-07,0,0,0
2020-10-08,0,0,0
2020-10-09,0,0,0
2020-10-10,0,0,0
2020-10-11,0,0,0
2020-10-12,0,0,0
2020-10-13,0,0,0
2020-10-14,0,0,0
2020-10-15,0,0,0
2020-10-16,0,0,0
2020-10-17,0,0,0
2020-10-18,0,0,0
2020-10-19,1,1,0
2020-10-20,0,0,0
2020-10-21,82,18,-64
2020-10-22,271,66,-205
2020-10-23,160,74,-86
2020-10-24,54,16,-38
2020-10-25,10,3,-7
2020-10-26,1,1,0
2020-10-27,14,3,-11
2020-10-28,4,0,-4
2020-10-29,0,0,0
2020-10-30,6,3,-3
2020-10-31,3,0,-3
2020-11-01,4,1,-3
2020-11-02,0,0,0
2020-11-03,0,0,0
2020-11-04,1,0,-1
2020-11-05,0,0,0
2020-11-06,0,0,0
2020-11-07,0,0,0
2020-11-08,0,0,0
2020-11-09,0,0,0
2020-11-10,0,0,0
2020-11-11,0,0,0
2020-11-12,0,0,0
2020-11-13,0,0,0
2020-11-14,0,0,0
2020-11-15,0,0,0
2020-11-16,0,0,0
2020-11-17,0,0,0
2020-11-18,4,0,-4
2020-11-19,0,0,0
2020-11-20,0,0,0
2020-11-21,0,0,0
2020-11-22,0,0,0
2020-11-23,0,0,0
2020-11-24,0,0,0
2020-11-25,0,0,0
2020-11-26,0,0,0
2020-11-27,0,0,0
2020-11-28,0,0,0
2020-11-29,0,0,0
2020-11-30,0,0,0
